from;to
ts-cancel-service;ts-travel-service
ts-order-other-service;ts-preserve-other-service
ts-cancel-service;ts-inside-payment-service
ts-food-service;ts-travel-service
ts-basic-service;ts-rebook-service
ts-seat-service;ts-travel-plan-service
ts-preserve-service;ts-rebook-service
ts-order-service;ts-security-service
ts-basic-service;ts-travel-plan-service
ts-seat-service;ts-travel2-service
ts-station-food-service;ts-train-food-service
ts-basic-service;ts-travel2-service
ts-rebook-service;ts-seat-service
ts-basic-service;ts-route-plan-service
ts-rebook-service;ts-travel-service
ts-preserve-service;ts-travel2-service
ts-cancel-service;ts-travel-plan-service
ts-preserve-service;ts-route-plan-service
ts-execute-service;ts-order-service
ts-execute-service;ts-rebook-service
ts-order-service;ts-rebook-service
ts-preserve-other-service;ts-seat-service
ts-order-other-service;ts-seat-service
ts-preserve-other-service;ts-travel-service
ts-order-other-service;ts-travel-service
ts-execute-service;ts-preserve-service
ts-order-service;ts-preserve-service
ts-order-service;ts-travel-plan-service
ts-execute-service;ts-order-other-service
ts-order-service;ts-travel2-service
ts-preserve-service;ts-voucher-service
ts-basic-service;ts-preserve-service
ts-food-delivery-service;ts-train-food-service
ts-inside-payment-service;ts-order-service
ts-cancel-service;ts-order-service
ts-rebook-service;ts-travel-plan-service
ts-cancel-service;ts-rebook-service
ts-route-plan-service;ts-travel-service
ts-order-other-service;ts-order-service
ts-cancel-service;ts-preserve-service
ts-rebook-service;ts-travel2-service
ts-food-service;ts-rebook-service
ts-rebook-service;ts-route-plan-service
ts-cancel-service;ts-order-other-service
ts-preserve-other-service;ts-travel-plan-service
ts-execute-service;ts-voucher-service
ts-execute-service;ts-preserve-other-service
ts-order-service;ts-preserve-other-service
ts-order-other-service;ts-travel-plan-service
ts-travel-plan-service;ts-travel2-service
ts-food-service;ts-preserve-service
ts-preserve-service;ts-wait-order-service
ts-cancel-service;ts-travel2-service
ts-preserve-other-service;ts-travel2-service
ts-order-other-service;ts-travel2-service
ts-food-delivery-service;ts-station-food-service
ts-order-other-service;ts-security-service
ts-food-service;ts-travel2-service
ts-basic-service;ts-preserve-other-service
ts-food-service;ts-route-plan-service
ts-travel-service;ts-travel2-service
ts-rebook-service;ts-voucher-service
ts-preserve-service;ts-seat-service
ts-preserve-service;ts-travel-service
ts-route-plan-service;ts-travel-plan-service
ts-execute-service;ts-wait-order-service
ts-inside-payment-service;ts-rebook-service
ts-inside-payment-service;ts-voucher-service
ts-order-service;ts-wait-order-service
ts-cancel-service;ts-voucher-service
ts-cancel-service;ts-preserve-other-service
ts-preserve-other-service;ts-voucher-service
ts-preserve-other-service;ts-rebook-service
ts-order-other-service;ts-rebook-service
ts-inside-payment-service;ts-preserve-service
ts-route-plan-service;ts-travel2-service
ts-food-delivery-service;ts-food-service
ts-food-service;ts-train-food-service
ts-inside-payment-service;ts-order-other-service
ts-food-service;ts-preserve-other-service
ts-preserve-other-service;ts-preserve-service
ts-order-other-service;ts-preserve-service
ts-order-service;ts-seat-service
ts-cancel-service;ts-execute-service
ts-rebook-service;ts-wait-order-service
ts-order-service;ts-travel-service
ts-execute-service;ts-inside-payment-service
ts-preserve-other-service;ts-route-plan-service
ts-seat-service;ts-travel-service
ts-inside-payment-service;ts-wait-order-service
ts-cancel-service;ts-wait-order-service
ts-basic-service;ts-seat-service
ts-preserve-other-service;ts-wait-order-service
ts-basic-service;ts-travel-service
ts-preserve-service;ts-travel-plan-service
ts-order-other-service;ts-wait-order-service
ts-food-service;ts-station-food-service
ts-basic-service;ts-food-service
ts-inside-payment-service;ts-preserve-other-service
ts-travel-plan-service;ts-travel-service
